(5.0, -0.1, 0.0)
(57.7, -2.8, 0.0)
(-3.6, -0.6, 0.0)
(61.0, -2.8, 0.0)
(0.0, 0.0, 0.0)
(0.0, 2.6, 0.0)
(30.2, 1.6, 0.0)
(0.0, -2.6, 0.0)
(-6.9, -1.4, 0.0)
(9.3, -0.8, 0.0)
(48.0, -0.6, 0.0)
(22.9, 0.0, 0.0)
(-7.4, -1.1, 0.0)
(-6.3, -1.4, 0.0)
(9.5, 0.1, 0.0)
(-12.8, -2.1, 0.0)
(8.5, 1.3, 0.0)
(27.6, 0.0, 0.0)
(4.6, 0.1, 0.0)
(23.5, -2.1, 0.0)
(-1.6, -0.2, 0.0)
(45.8, -1.0, 0.0)
(-0.4, 0.0, 0.0)
(50.0, -2.8, 0.0)
(24.0, -1.0, 0.0)
(12.2, -2.1, 0.0)
(-7.9, -2.1, 0.0)
(16.8, 0.1, 0.0)
(0.0, 0.0, 0.0)
(0.0, 2.6, 0.0)
(50.6, 1.6, 0.0)
(0.0, -2.6, 0.0)
(26.9, -0.2, 0.0)
(0.0, 0.0, 0.0)
(0.0, 2.6, 0.0)
(12.3, 1.6, 0.0)
(0.0, -2.6, 0.0)
(50.5, -2.7, 0.0)
(44.4, -0.1, 0.0)
(7.4, -2.1, 0.0)
(4.8, 0.0, 0.0)
(5.9, -0.6, 0.0)
(19.2, -0.2, 0.0)
(28.9, 0.0, 0.0)
(0.0, -1.5, 0.0)
(6.8, 0.1, 0.0)
(0.0, 0.0, 0.0)
(0.0, 2.6, 0.0)
(25.1, 1.6, 0.0)
(0.0, -2.6, 0.0)
(-1.2, -2.0, -5.6)
(0.0, 0.0, 0.0)
(0.0, 2.6, 0.0)
(2.0, 1.6, 0.0)
(0.0, -2.6, 0.0)
(27.3, 0.0, 0.0)
(19.2, 0.0, 0.0)
(0.0, 0.0, 0.0)
(0.0, 2.6, 0.0)
(40.4, 1.6, 0.0)
(0.0, -2.6, 0.0)
(0.0, 0.0, 0.0)
(0.0, 2.6, 0.0)
(4.6, 1.6, 0.0)
(0.0, -2.6, 0.0)
(27.6, -2.0, 0.0)
(99.7, -2.8, 0.0)
(46.8, -2.2, 0.0)
(0.0, 0.0, 0.0)
(0.0, 2.6, 0.0)
(14.8, 1.6, 0.0)
(0.0, -2.6, 0.0)
(33.4, -0.6, 0.0)
(-2.8, 0.0, 0.0)
(0.0, 0.0, 0.0)
(0.0, 2.6, 0.0)
(-0.5, 1.6, 0.0)
(0.0, -2.6, 0.0)
(-5.4, -2.0, 0.0)
(-0.8, -0.6, 0.0)
(15.2, 5.1, 0.0)
(40.8, 0.4, 0.0)
(3.9, -0.3, 0.0)
(52.5, -0.8, 0.0)
(26.3, -0.5, 0.0)
(-1.1, -0.2, 0.0)
(30.1, -2.0, 0.0)
(23.8, -0.7, 0.0)
(48.7, -3.1, 0.0)
(-2.9, -2.9, 0.0)
(0.9, -1.3, 0.0)
(8.8, -0.9, 0.0)
(46.4, -1.3, 0.0)
(0.0, 0.0, 0.0)
(0.0, 2.6, 0.0)
(53.1, 1.6, 0.0)
(0.0, -2.6, 0.0)
(47.0, -2.3, 0.0)
(85.1, -2.9, 0.0)
(0.1, -1.1, 0.0)
(49.0, -2.6, 0.0)
(-0.8, -0.6, 0.0)
(3.9, -0.7, 0.0)
(34.7, 0.1, 0.0)
(49.3, -2.3, 0.0)
(19.6, 0.1, 0.0)
(24.3, -0.9, 0.0)
(38.8, 0.1, 0.0)
(-7.7, -2.1, 0.0)
(17.1, 0.0, 0.0)
(47.6, -3.5, 0.0)
(31.9, 0.1, 0.0)
(3.1, -0.5, 0.0)
(3.4, -2.1, 0.0)
(-4.9, -2.8, 0.0)
(-2.5, -0.5, 0.0)
(0.0, 0.0, 0.0)
(0.0, 2.6, 0.0)
(9.7, 1.6, 0.0)
(0.0, -2.6, 0.0)
(1.2, -1.2, 0.0)
(54.0, -2.7, 0.0)
(3.4, -0.7, 0.0)
(10.5, 0.2, 0.0)
(-3.8, -0.8, 0.0)
(1.8, -1.3, 0.0)
(47.3, -0.8, 0.0)
(14.5, -0.1, 0.0)
(-1.6, -0.2, 0.0)
(37.2, 0.1, 0.0)
(54.5, -0.8, 0.0)
(25.6, -1.1, 0.0)
(-1.5, -0.3, 0.0)
(5.4, -0.8, 0.0)
(43.4, 0.3, 0.0)
(-1.5, -0.7, 0.0)
(-15.3, -2.0, 0.0)
(-0.4, -2.0, 0.0)
(48.9, -3.0, 0.0)
(50.0, -3.5, 0.0)
(0.0, 0.0, 0.0)
(0.0, 0.0, -3.6)
(10.9, 1.2, 0.0)
(22.8, 0.1, 0.0)
(-6.7, -1.4, 0.0)
(-1.7, -0.5, 0.0)
(22.3, -0.1, 0.0)
(0.0, 0.0, 0.0)
(0.0, 2.6, 0.0)
(45.5, 1.6, 0.0)
(0.0, -2.6, 0.0)
(27.9, -0.8, 0.0)
(13.9, -2.0, 0.0)
(-10.3, -2.0, 0.0)
(-22.6, -1.9, 0.0)
(45.5, -0.6, 0.0)
(-4.1, -2.1, -5.6)
(12.1, 0.1, 0.0)
(50.0, -2.2, 0.0)
(0.0, 0.0, 0.0)
(0.0, 2.6, 0.0)
(20.0, 1.6, 0.0)
(0.0, -2.6, 0.0)
(28.4, -2.0, 0.0)
(270.5, -128.0, 0.0)
(257.0, 160.5, 0.0)
(0.0, 0.0, 0.0)
(-282.5, -133.0, 0.0)
(46.1, -1.4, 0.0)
(2.0, 0.0, 0.0)
(50.0, -1.8, 0.0)
(-2.7, -0.8, 0.0)
(4.3, 0.0, 0.0)
(48.5, -2.6, 0.0)
(0.0, 0.0, 0.0)
(0.0, 2.6, 0.0)
(22.5, 1.6, 0.0)
(0.0, -2.6, 0.0)
(47.5, -3.1, 0.0)
(-6.5, -1.5, 0.0)
(0.0, 0.0, 0.0)
(0.0, 2.6, 0.0)
(32.8, 1.6, 0.0)
(0.0, -2.6, 0.0)
(22.2, 1.3, 0.0)
(26.1, -0.8, 0.0)
(18.7, -2.1, 0.0)
(23.7, -0.6, 0.0)
(47.5, -2.3, 0.0)
(0.5, -1.2, 0.0)
(3.5, -0.4, 0.0)
(27.8, -0.7, 0.0)
(48.8, -2.2, 0.0)
(34.4, 0.1, 0.0)
(55.2, -2.9, 0.0)
(2.6, -0.7, 0.0)
(16.3, -2.0, 0.0)
(23.6, -0.7, 0.0)
(94.7, -2.9, 0.0)
(26.4, -0.7, 0.0)
(-9.0, -2.2, 0.0)
(10.8, -2.0, 0.0)
(44.1, 0.2, 0.0)
(48.1, -3.6, 0.0)
(44.4, 0.5, 0.0)
(-17.8, -2.0, 0.0)
(-0.8, 0.0, 0.0)
(43.0, -0.6, 0.0)
(11.6, -2.1, 0.0)
(37.0, 0.1, 0.0)
(13.1, 0.3, 0.0)
(32.7, -0.8, 0.0)
(0.0, 0.0, 0.0)
(0.0, 2.6, 0.0)
(-5.6, 1.6, 0.0)
(0.0, -2.6, 0.0)
(68.2, -2.9, 0.0)
(-7.6, -1.6, 0.0)
(2.5, -0.9, 0.0)
(-3.1, -0.1, 0.0)
(48.5, -2.9, 0.0)
(4.2, -0.5, 0.0)
(14.0, 0.1, 0.0)
(23.6, 0.1, 0.0)
(-7.8, -1.7, 0.0)
(35.9, 0.4, 0.0)
(8.4, -0.7, 0.0)
(104.0, -2.9, 0.0)
(6.9, 0.1, 0.0)
(0.0, 0.0, 0.0)
(0.0, 2.6, 0.0)
(7.2, 1.6, 0.0)
(0.0, -2.6, 0.0)
(-0.9, 0.0, 0.0)
(5.1, -0.6, 0.0)
(38.4, 0.2, 0.0)
(44.5, 0.3, 0.0)
(0.5, 0.2, 0.0)
(24.7, -1.1, 0.0)
(-9.0, -2.1, 0.0)
(-2.8, -2.1, -5.7)
(39.8, 0.2, 0.0)
(19.5, -0.1, 0.0)
(-2.0, -1.1, 0.0)
(8.2, -2.1, 0.0)
(45.3, -0.6, 0.0)
(-1.8, -1.2, 0.0)
(0.0, 0.0, 0.0)
(0.0, 2.6, 0.0)
(48.1, 1.6, 0.0)
(0.0, -2.6, 0.0)
(0.1, 0.5, 0.0)
(30.9, 0.3, 0.0)
(55.2, -0.8, 0.0)
(2.2, -0.9, 0.0)
(49.4, -3.2, 0.0)
(-0.3, -0.2, 0.0)
(45.9, 0.4, 0.0)
(1.0, -0.9, 0.0)
(-7.2, -1.5, 0.0)
(16.6, -0.7, 0.0)
(2.2, -0.8, 0.0)
(48.7, -3.2, 0.0)
(34.7, 0.1, 0.0)
(16.4, 5.0, 0.0)
(15.7, -0.9, 0.0)
(17.2, -0.1, 0.0)
(1.0, -1.4, 0.0)
(0.0, 0.1, 0.0)
(22.9, -0.8, 0.0)
(-2.0, -0.3, 0.0)
(48.0, -3.0, 0.0)
(50.9, -2.7, 0.0)
(18.5, 0.3, 0.0)
(-0.6, -1.2, -4.8)
(14.5, 5.2, 0.0)
(0.0, 0.0, 0.0)
(0.0, 2.6, 0.0)
(43.0, 1.6, 0.0)
(0.0, -2.6, 0.0)
(-2.9, -2.1, 0.0)
(0.0, 0.0, 0.0)
(0.0, 2.6, 0.0)
(37.9, 1.6, 0.0)
(0.0, -2.6, 0.0)
(0.0, 0.0, 0.0)
(0.0, 2.6, 0.0)
(35.3, 1.6, 0.0)
(0.0, -2.6, 0.0)
(-5.2, -1.5, 0.0)
(-4.1, -0.7, 0.0)
(29.6, 0.1, 0.0)
(15.9, 5.2, 0.0)
(52.3, -0.7, 0.0)
(23.7, -0.8, 0.0)
(0.4, 0.3, 0.0)
(33.9, 0.3, 0.0)
(75.4, -2.9, 0.0)
(-7.1, -1.3, 0.0)
(21.1, -2.0, 0.0)
(23.4, -0.4, 0.0)
(0.0, 0.0, 0.0)
(0.0, 2.6, 0.0)
(-3.1, 1.6, 0.0)
(0.0, -2.6, 0.0)
(22.5, 0.0, 0.0)
(-3.5, -0.6, 0.0)
(-4.8, -1.4, 0.0)
(-7.3, -1.5, 0.0)
(47.7, -2.5, 0.0)
(-2.6, 0.0, 0.0)
(1.9, -2.1, 0.0)
(47.1, -2.1, 0.0)
(8.1, 0.2, 0.0)
(9.1, -2.0, 0.0)
(0.0, 0.1, 0.0)
(-1.2, -0.7, 0.0)
(17.1, 0.1, 0.0)
(29.9, 0.1, 0.0)
(25.8, -2.0, 0.0)
(33.3, 0.3, 0.0)
(0.0, 0.0, 0.0)
(0.0, 2.6, 0.0)
(27.6, 1.6, 0.0)
(0.0, -2.6, 0.0)
(-1.2, -0.8, 0.0)
(45.3, -0.7, 0.0)
(26.7, -0.4, 0.0)
(24.2, -1.0, 0.0)
(42.2, -0.8, 0.0)
(79.4, -2.9, 0.0)
(3.1, -0.4, 0.0)
(0.7, -1.2, 0.0)
(3.5, -0.5, 0.0)
(2.4, 0.4, 0.0)
(-6.7, -1.5, 0.0)
(54.7, -0.6, 0.0)
(4.2, -0.1, 0.0)
(20.9, 0.1, 0.0)
(39.7, 0.4, 0.0)
(-3.5, -0.5, 0.0)
(48.6, -2.4, 0.0)
(-0.4, 0.0, 0.0)
(55.7, -0.8, 0.0)
(47.1, -3.3, 0.0)
(26.4, -0.8, 0.0)
(5.8, -2.0, 0.0)
(9.9, -2.1, 0.0)
(32.6, -2.0, 0.0)
(29.3, -2.0, 0.0)
(0.0, 0.1, 0.0)
(-4.7, -1.5, 0.0)
(29.6, 0.0, 0.0)
(4.2, -2.1, 0.0)
(9.4, -0.6, 0.0)
(45.0, -0.4, 0.0)
(47.3, -2.2, 0.0)
(-1.5, 0.4, 0.0)
(-4.6, -1.4, 0.0)
(19.2, 1.2, 0.0)
(31.0, -2.0, 0.0)
(44.2, 0.0, 0.0)
(-20.2, -2.0, 0.0)
(56.7, -2.9, 0.0)
(-1.2, -3.1, 0.0)
(42.2, 0.2, 0.0)
(49.0, -3.2, 0.0)
(0.0, 0.0, 0.0)
(0.0, 2.6, 0.0)
(17.4, 1.6, 0.0)
(0.0, -2.6, 0.0)
(45.9, -1.2, 0.0)
(49.2, -2.8, 0.0)
(2.0, 1.6, 0.0)
(-2.0, -1.6, 0.0)
(19.1, 1.5, 0.0)
(0.0, 0.0, 0.0)
(1.2, -0.2, 0.0)
(-1.2, -0.1, 0.0)
(-1.9, -1.3, -4.9)
(-2.6, -1.5, -5.1)
(-6.5, 0.4, 0.0)
(0.0, 0.0, 0.0)
(-2.0, -1.6, 0.0)
(27.1, 0.5, 0.0)
(-1.7, -0.3, 0.0)
(49.3, 0.3, 0.0)
(-0.7, 0.0, 0.0)
(-2.3, -1.2, 0.0)
(3.8, 0.6, 0.0)
(-1.2, -1.2, -4.8)
(-0.8, -5.0, 0.0)
(-3.4, -0.2, 0.0)
(-2.1, 0.8, 2.9)
